230.25 -80.25
140.93 -76.82
179.31 -72.46
49.39 -70.19
110.42 -69.82
258.60 -69.63
111.49 -68.07
160.37 -65.00
83.80 -64.01
122.96 -58.49
59.02 -58.09
113.14 -57.61
269.86 -55.31
337.46 -54.93
111.15 -53.22
320.43 -53.17
301.19 -52.72
227.76 -52.34
15.85 -51.58
69.26 -50.62
146.81 -50.22
2.79 -49.47
337.05 -47.05
27.18 -46.84
27.18 -46.84
297.69 -46.74
303.65 -46.42
62.02 -46.08
300.67 -45.51
10.93 -45.44
302.24 -45.10
301.93 -44.92
305.88 -44.90
305.89 -44.90
305.89 -44.90
305.90 -44.90
305.91 -44.90
305.88 -44.89
305.89 -44.89
305.89 -44.89
305.89 -44.89
305.89 -44.89
305.89 -44.89
305.89 -44.89
305.89 -44.89
305.89 -44.89
305.89 -44.89
305.89 -44.89
305.90 -44.89
305.90 -44.89
305.90 -44.89
305.90 -44.89
305.92 -44.89
305.88 -44.88
305.91 -44.88
300.62 -44.69
138.45 -44.57
258.14 -44.39
303.51 -43.80
298.94 -43.65
338.01 -43.57
36.21 -43.55
108.17 -42.98
91.36 -42.36
9.70 -42.16
47.78 -42.08
253.39 -41.96
326.39 -39.78
85.31 -38.81
228.35 -37.92
82.81 -37.38
96.51 -37.31
183.34 -36.77
3.85 -36.74
273.82 -36.70
49.31 -36.53
80.88 -36.44
278.41 -36.29
55.91 -36.26
95.83 -36.07
290.31 -35.91
282.29 -35.51
276.87 -35.50
281.29 -35.19
244.51 -35.04
321.87 -35.00
282.05 -34.97
275.25 -34.83
197.50 -34.76
299.59 -34.61
93.57 -34.46
217.08 -34.09
161.14 -33.27
276.09 -33.25
280.29 -33.25
279.35 -33.17
62.66 -33.14
30.51 -33.08
76.78 -32.93
276.97 -32.76
211.08 -32.63
276.67 -32.48
277.13 -32.28
280.08 -31.94
73.89 -31.88
279.56 -31.74
168.50 -31.68
279.72 -31.52
85.14 -31.44
279.13 -31.24
282.15 -31.24
25.31 -31.05
287.16 -30.82
228.43 -30.54
39.19 -30.41
281.46 -30.12
266.49 -29.34
122.26 -28.67
334.43 -28.63
357.18 -27.71
42.68 -27.39
204.14 -27.35
65.03 -27.32
65.01 -27.31
65.01 -27.31
65.01 -27.31
65.01 -27.31
65.01 -27.31
65.01 -27.31
65.01 -27.31
314.32 -27.06
22.41 -26.70
97.72 -26.66
87.69 -26.28
325.33 -26.26
315.46 -26.08
336.53 -25.73
201.44 -25.68
176.62 -25.66
336.46 -25.66
320.67 -25.65
336.49 -25.63
336.49 -25.63
336.49 -25.63
65.80 -25.09
11.11 -24.12
2.07 -23.55
29.45 -23.54
77.85 -23.47
64.46 -23.41
15.26 -23.38
279.53 -23.28
88.05 -23.24
89.66 -22.81
345.59 -22.40
45.88 -22.20
80.98 -21.97
75.29 -21.92
240.50 -21.83
13.90 -21.82
86.14 -21.73
86.86 -21.67
254.55 -21.55
136.37 -21.33
36.17 -21.29
334.83 -21.19
264.80 -21.14
15.85 -21.01
270.03 -20.90
82.13 -20.37
55.36 -20.33
34.10 -20.30
316.68 -20.22
315.15 -19.95
57.02 -19.64
359.73 -19.60
22.31 -19.43
274.73 -19.21
59.32 -19.03
289.74 -18.32
69.40 -18.20
227.75 -18.18
27.08 -18.18
337.67 -17.90
297.57 -17.57
139.51 -17.53
298.70 -17.50
358.61 -17.21
27.26 -17.16
61.11 -16.84
236.95 -16.76
41.33 -16.63
300.41 -16.55
104.41 -16.42
287.73 -16.26
48.62 -16.03
162.76 -16.01
340.29 -15.90
200.08 -15.33
61.92 -15.31
123.80 -14.93
61.29 -14.85
124.93 -14.83
321.84 -14.83
67.83 -14.67
116.50 -14.63
316.67 -14.55
316.63 -14.50
307.10 -14.49
152.18 -14.34
266.63 -14.27
344.22 -14.27
336.64 -14.26
74.99 -14.03
103.40 -14.00
339.64 -13.98
320.37 -13.93
125.47 -13.87
24.92 -13.76
212.20 -13.48
10.34 -13.45
192.70 -13.25
171.86 -13.18
60.86 -13.12
229.26 -12.97
67.45 -12.94
351.88 -12.83
49.18 -12.79
63.18 -12.67
291.56 -12.55
70.69 -12.52
338.50 -12.45
50.17 -12.43
38.57 -12.32
328.75 -12.23
279.43 -12.17
329.05 -12.15
308.35 -12.04
104.93 -12.02
338.16 -11.97
276.08 -11.92
9.46 -11.92
322.21 -11.90
336.19 -11.80
287.83 -11.70
268.73 -11.59
123.62 -11.58
321.98 -11.56
332.67 -11.48
154.04 -11.47
1.53 -11.37
329.76 -11.37
90.49 -11.34
13.57 -11.32
302.96 -11.25
342.52 -11.10
280.39 -11.08
26.23 -10.96
27.46 -10.93
44.86 -10.55
163.22 -10.52
278.57 -10.43
39.91 -10.43
20.70 -10.41
354.68 -10.41
48.29 -10.33
19.65 -10.28
345.00 -10.18
328.22 -10.14
259.20 -10.10
18.14 -10.07
64.58 -9.83
0.31 -9.70
63.54 -9.59
25.14 -9.58
321.95 -9.49
340.03 -9.45
356.80 -9.37
210.41 -9.30
254.19 -9.19
70.61 -9.15
30.03 -9.12
182.12 -9.01
233.66 -8.98
5.14 -8.90
278.22 -8.82
60.52 -8.67
2.40 -8.66
44.47 -8.64
313.87 -8.54
292.88 -8.50
23.29 -8.49
335.69 -8.46
344.79 -8.46
310.74 -8.43
257.07 -8.35
327.75 -8.31
2.12 -8.27
61.38 -8.27
14.77 -8.25
37.69 -8.25
294.42 -8.22
244.16 -8.16
50.71 -8.08
314.80 -8.07
47.71 -8.07
295.63 -8.05
150.35 -8.04
213.79 -8.04
309.57 -8.03
263.30 -7.96
19.02 -7.95
2.79 -7.92
2.79 -7.92
2.79 -7.91
2.79 -7.91
2.79 -7.91
2.79 -7.91
279.69 -7.77
356.54 -7.77
50.00 -7.74
342.57 -7.67
98.38 -7.60
9.89 -7.56
9.89 -7.55
56.00 -7.52
327.34 -7.44
47.16 -7.36
48.99 -7.31
315.86 -7.30
24.62 -7.23
20.46 -7.21
332.08 -7.15
270.77 -7.14
291.31 -7.13
31.31 -7.12
44.39 -7.10
336.17 -7.00
183.86 -6.90
289.77 -6.63
64.75 -6.62
26.38 -6.60
52.51 -6.58
334.96 -6.57
348.38 -6.46
25.98 -6.44
295.48 -6.43
322.39 -6.43
310.59 -6.42
320.49 -6.39
352.28 -6.37
350.19 -6.35
25.47 -6.24
298.68 -6.24
36.51 -6.15
48.00 -6.15
319.51 -6.11
359.04 -6.11
330.09 -6.07
24.27 -6.06
285.55 -6.03
356.52 -6.02
1.43 -5.96
7.12 -5.92
308.61 -5.87
19.90 -5.84
238.93 -5.83
120.41 -5.78
184.56 -5.78
14.69 -5.73
301.88 -5.69
28.48 -5.68
32.28 -5.68
40.98 -5.67
358.02 -5.64
357.67 -5.63
278.39 -5.60
81.12 -5.60
79.13 -5.59
7.80 -5.58
7.80 -5.58
7.80 -5.58
7.80 -5.58
7.80 -5.58
7.80 -5.58
7.80 -5.58
7.80 -5.58
7.80 -5.58
7.80 -5.58
7.80 -5.58
7.80 -5.58
121.45 -5.57
44.84 -5.57
37.58 -5.56
83.78 -5.56
334.59 -5.51
14.81 -5.50
47.99 -5.50
294.47 -5.44
326.46 -5.41
312.65 -5.40
65.03 -5.26
24.72 -5.24
293.19 -5.23
295.79 -5.17
335.01 -5.17
341.55 -5.16
350.91 -5.15
18.56 -5.13
350.21 -5.13
344.18 -5.12
26.96 -5.08
206.25 -5.06
21.14 -5.05
211.22 -5.02
353.53 -5.01
353.53 -5.01
353.53 -5.01
353.53 -5.01
14.19 -4.98
257.43 -4.98
327.01 -4.95
19.86 -4.92
9.04 -4.92
5.22 -4.91
268.50 -4.90
318.74 -4.90
355.64 -4.88
311.23 -4.85
337.84 -4.84
303.69 -4.83
325.06 -4.80
290.89 -4.78
288.53 -4.77
330.07 -4.76
350.55 -4.75
352.04 -4.75
34.01 -4.74
11.36 -4.73
347.59 -4.71
59.20 -4.70
350.04 -4.69
68.86 -4.67
22.01 -4.66
240.08 -4.64
355.99 -4.61
3.95 -4.60
99.46 -4.60
301.58 -4.59
343.02 -4.58
358.92 -4.58
56.74 -4.56
337.60 -4.55
338.01 -4.54
338.99 -4.51
19.50 -4.50
245.24 -4.50
245.24 -4.50
157.53 -4.49
50.80 -4.47
206.50 -4.46
347.98 -4.46
9.82 -4.44
315.73 -4.43
306.31 -4.37
9.35 -4.37
344.84 -4.32
97.32 -4.31
43.74 -4.26
35.81 -4.25
19.28 -4.23
1.46 -4.22
108.73 -4.21
15.77 -4.21
30.96 -4.21
340.42 -4.14
18.94 -4.12
37.82 -4.12
64.05 -4.11
267.18 -4.10
357.11 -4.10
355.31 -4.08
129.22 -4.04
31.66 -4.04
37.63 -4.04
291.99 -4.03
48.67 -4.02
92.63 -4.02
35.12 -3.98
68.10 -3.98
296.44 -3.94
1.02 -3.93
1.02 -3.93
1.02 -3.93
335.28 -3.93
36.11 -3.93
36.11 -3.92
307.79 -3.89
349.27 -3.89
290.29 -3.88
47.38 -3.88
22.28 -3.86
295.79 -3.86
32.83 -3.84
304.34 -3.82
5.57 -3.80
17.09 -3.78
256.13 -3.76
75.73 -3.75
333.70 -3.74
293.17 -3.72
325.97 -3.70
45.22 -3.70
31.15 -3.67
359.63 -3.67
31.19 -3.65
325.73 -3.60
28.64 -3.57
312.74 -3.56
27.08 -3.55
282.94 -3.55
33.69 -3.55
55.33 -3.50
260.38 -3.47
126.28 -3.46
304.46 -3.46
329.04 -3.46
6.01 -3.45
14.60 -3.42
22.05 -3.40
323.79 -3.39
314.65 -3.38
356.83 -3.38
4.16 -3.36
27.22 -3.34
184.36 -3.32
345.34 -3.32
326.88 -3.31
298.77 -3.29
8.49 -3.27
337.94 -3.26
3.84 -3.26
1.44 -3.25
324.17 -3.24
2.83 -3.22
319.88 -3.22
348.38 -3.22
20.94 -3.20
20.35 -3.18
259.83 -3.14
49.35 -3.13
12.28 -3.11
337.25 -3.11
54.90 -3.10
37.23 -3.06
293.75 -3.04
272.15 -3.03
337.95 -3.02
342.22 -3.01
73.36 -3.01
55.59 -3.00
279.35 -2.99
51.57 -2.98
290.29 -2.97
6.63 -2.95
330.47 -2.94
43.71 -2.93
234.67 -2.92
347.87 -2.92
19.35 -2.91
1.20 -2.89
286.88 -2.88
253.33 -2.87
271.63 -2.85
285.30 -2.85
76.75 -2.84
255.93 -2.82
256.11 -2.81
34.45 -2.81
263.55 -2.79
39.74 -2.79
100.34 -2.78
329.58 -2.77
21.56 -2.74
3.51 -2.74
258.75 -2.73
322.72 -2.73
130.06 -2.72
348.48 -2.71
37.60 -2.71
65.71 -2.70
262.29 -2.69
343.10 -2.69
54.43 -2.68
19.98 -2.66
290.08 -2.66
302.23 -2.66
4.99 -2.65
304.76 -2.63
284.13 -2.60
324.66 -2.60
308.05 -2.56
344.95 -2.56
7.07 -2.56
3.49 -2.53
357.98 -2.52
110.42 -2.51
309.92 -2.51
26.77 -2.50
317.92 -2.48
27.18 -2.47
33.24 -2.47
51.88 -2.47
243.77 -2.44
24.69 -2.44
25.39 -2.43
325.20 -2.42
322.80 -2.41
343.47 -2.41
25.37 -2.39
93.66 -2.38
38.61 -2.34
8.53 -2.33
37.31 -2.32
49.12 -2.32
25.43 -2.30
1.56 -2.29
334.17 -2.29
343.04 -2.28
351.58 -2.28
353.17 -2.27
302.77 -2.25
330.04 -2.25
359.89 -2.25
344.14 -2.24
278.57 -2.23
300.91 -2.22
335.83 -2.22
296.18 -2.21
351.29 -2.21
5.84 -2.21
17.87 -2.20
36.21 -2.20
5.84 -2.20
343.71 -2.19
341.36 -2.18
356.96 -2.18
13.64 -2.16
23.81 -2.14
283.71 -2.14
310.57 -2.14
129.15 -2.11
288.22 -2.11
304.41 -2.09
52.44 -2.09
204.17 -2.08
41.35 -2.07
21.86 -2.05
27.22 -2.05
34.47 -2.05
42.77 -2.05
183.73 -2.04
331.72 -2.04
238.71 -2.03
327.24 -2.02
200.57 -2.01
86.91 -2.01
203.91 -2.00
7.39 -2.00
203.90 -1.99
307.89 -1.96
35.73 -1.96
284.72 -1.94
24.81 -1.93
274.71 -1.93
342.23 -1.92
343.52 -1.91
324.11 -1.89
43.57 -1.89
18.72 -1.88
284.08 -1.88
27.05 -1.87
297.30 -1.87
349.37 -1.86
323.67 -1.84
17.84 -1.81
319.23 -1.81
38.08 -1.80
42.47 -1.80
120.70 -1.79
317.89 -1.79
346.53 -1.79
293.18 -1.78
283.46 -1.76
338.54 -1.76
20.29 -1.74
349.38 -1.74
346.82 -1.73
13.20 -1.72
312.05 -1.72
5.81 -1.72
319.97 -1.70
342.38 -1.70
347.02 -1.70
179.72 -1.69
25.09 -1.68
35.38 -1.68
40.06 -1.67
27.95 -1.66
350.84 -1.66
9.85 -1.66
11.62 -1.62
24.01 -1.62
323.87 -1.62
42.62 -1.61
26.35 -1.60
353.61 -1.60
51.41 -1.60
23.53 -1.59
310.59 -1.59
34.40 -1.59
45.78 -1.59
257.26 -1.58
334.70 -1.57
335.39 -1.57
346.94 -1.57
62.74 -1.57
299.10 -1.56
335.64 -1.56
16.36 -1.55
302.05 -1.53
306.75 -1.53
347.65 -1.53
343.43 -1.52
21.22 -1.51
38.48 -1.51
315.65 -1.50
18.82 -1.49
43.54 -1.49
320.28 -1.48
39.27 -1.47
304.87 -1.46
123.72 -1.45
43.67 -1.45
88.31 -1.45
355.56 -1.44
76.12 -1.44
147.02 -1.43
25.74 -1.43
22.26 -1.42
273.74 -1.42
310.93 -1.42
315.10 -1.42
299.98 -1.41
300.13 -1.41
306.84 -1.40
39.29 -1.40
275.89 -1.38
339.02 -1.38
343.76 -1.37
35.82 -1.37
28.32 -1.36
283.71 -1.36
325.86 -1.36
341.88 -1.36
342.23 -1.36
27.15 -1.34
290.92 -1.32
24.44 -1.31
53.69 -1.31
21.98 -1.30
294.21 -1.30
43.34 -1.30
9.86 -1.30
277.51 -1.29
38.09 -1.29
24.31 -1.28
346.91 -1.28
28.37 -1.27
89.00 -1.27
313.63 -1.26
36.74 -1.25
18.25 -1.24
24.70 -1.24
359.46 -1.24
305.20 -1.23
3.55 -1.23
145.00 -1.22
19.62 -1.22
321.63 -1.22
40.62 -1.21
321.91 -1.20
345.33 -1.20
46.15 -1.20
15.19 -1.19
267.12 -1.19
30.51 -1.19
261.47 -1.17
29.83 -1.17
317.30 -1.17
327.09 -1.17
320.32 -1.16
347.65 -1.16
347.42 -1.15
357.30 -1.15
359.27 -1.15
17.40 -1.14
21.23 -1.14
2.43 -1.14
0.65 -1.12
357.22 -1.11
301.23 -1.09
330.96 -1.09
4.26 -1.08
59.30 -1.07
330.21 -1.06
357.64 -1.06
13.99 -1.05
206.15 -1.04
260.89 -1.04
331.52 -1.04
49.92 -1.04
256.52 -1.03
292.10 -1.03
50.64 -1.03
15.35 -1.02
270.27 -1.02
44.56 -1.02
103.09 -1.01
341.74 -1.01
37.34 -1.01
109.09 -1.00
16.81 -1.00
22.45 -1.00
266.97 -1.00
355.53 -1.00
22.49 -0.99
304.18 -0.99
312.24 -0.99
38.16 -0.99
39.72 -0.99
1.27 -0.98
285.91 -0.98
293.49 -0.97
11.81 -0.96
1.54 -0.96
200.88 -0.96
309.35 -0.96
358.55 -0.96
16.03 -0.95
27.07 -0.94
28.88 -0.94
300.97 -0.94
324.28 -0.94
16.51 -0.93
205.09 -0.93
40.91 -0.93
36.17 -0.92
97.52 -0.92
26.41 -0.90
304.11 -0.90
327.19 -0.90
21.50 -0.89
298.47 -0.89
3.57 -0.89
40.18 -0.89
5.73 -0.89
5.25 -0.88
302.64 -0.87
324.38 -0.87
328.10 -0.87
41.52 -0.87
202.19 -0.86
36.64 -0.86
42.98 -0.86
290.49 -0.85
343.35 -0.85
359.31 -0.84
284.35 -0.83
290.33 -0.83
306.37 -0.83
310.07 -0.83
336.71 -0.83
73.07 -0.83
324.62 -0.81
338.43 -0.81
343.40 -0.81
4.26 -0.81
17.15 -0.80
22.77 -0.80
31.71 -0.80
34.42 -0.80
351.42 -0.80
297.31 -0.79
339.44 -0.79
355.31 -0.79
45.03 -0.79
28.19 -0.78
31.87 -0.78
331.20 -0.78
23.96 -0.77
27.67 -0.77
41.74 -0.77
100.94 -0.75
289.13 -0.75
312.37 -0.74
76.90 -0.73
340.51 -0.72
9.41 -0.72
275.69 -0.70
308.10 -0.70
18.00 -0.69
283.84 -0.68
295.11 -0.68
296.47 -0.68
43.50 -0.68
36.80 -0.66
58.90 -0.66
280.69 -0.65
289.11 -0.65
299.44 -0.65
34.43 -0.65
44.71 -0.65
315.19 -0.64
37.21 -0.64
45.10 -0.64
328.94 -0.63
319.97 -0.62
214.54 -0.61
37.00 -0.61
21.59 -0.60
20.19 -0.59
108.83 -0.58
27.75 -0.58
283.09 -0.58
331.62 -0.58
112.09 -0.57
25.66 -0.57
310.47 -0.57
35.17 -0.57
10.54 -0.56
28.10 -0.55
343.00 -0.55
356.74 -0.55
44.03 -0.55
292.15 -0.54
316.40 -0.54
31.81 -0.53
149.10 -0.52
288.26 -0.52
27.58 -0.51
320.29 -0.51
336.70 -0.51
350.49 -0.51
353.82 -0.51
280.90 -0.50
285.06 -0.50
304.78 -0.50
34.56 -0.50
333.08 -0.49
347.28 -0.49
348.55 -0.49
356.47 -0.49
35.72 -0.49
20.81 -0.48
329.73 -0.48
330.92 -0.48
70.38 -0.48
33.09 -0.47
11.52 -0.46
25.93 -0.46
291.22 -0.46
294.51 -0.46
295.19 -0.44
328.12 -0.44
337.71 -0.44
37.58 -0.44
129.38 -0.43
306.97 -0.43
339.55 -0.43
348.95 -0.43
354.82 -0.43
36.18 -0.43
13.43 -0.42
15.68 -0.41
284.17 -0.41
300.91 -0.41
350.68 -0.41
288.55 -0.40
306.64 -0.40
7.72 -0.40
9.45 -0.40
338.77 -0.39
35.59 -0.39
35.62 -0.39
18.56 -0.38
304.16 -0.38
355.48 -0.38
60.31 -0.38
63.25 -0.38
303.08 -0.37
312.32 -0.37
33.34 -0.37
11.18 -0.35
25.55 -0.35
311.81 -0.35
340.56 -0.35
348.19 -0.35
65.88 -0.35
23.25 -0.34
233.76 -0.34
260.90 -0.34
312.46 -0.34
325.42 -0.34
332.23 -0.34
231.47 -0.33
27.02 -0.33
304.06 -0.33
305.91 -0.33
32.54 -0.33
344.08 -0.33
237.68 -0.32
291.44 -0.32
32.10 -0.32
348.10 -0.32
324.91 -0.30
337.36 -0.30
347.26 -0.30
347.26 -0.30
40.60 -0.30
289.99 -0.29
57.51 -0.29
26.35 -0.28
332.50 -0.28
39.84 -0.28
13.18 -0.27
25.81 -0.27
300.64 -0.27
41.58 -0.27
29.39 -0.26
71.27 -0.26
8.84 -0.26
10.00 -0.24
29.71 -0.24
304.10 -0.24
304.24 -0.24
321.80 -0.24
354.92 -0.24
0.13 -0.23
15.09 -0.23
37.81 -0.23
4.05 -0.23
13.02 -0.22
33.20 -0.22
338.11 -0.22
357.10 -0.22
65.52 -0.22
334.00 -0.21
336.08 -0.21
342.93 -0.21
41.50 -0.21
10.36 -0.20
25.25 -0.20
296.71 -0.20
29.71 -0.20
306.51 -0.20
315.09 -0.20
318.10 -0.20
345.72 -0.20
116.24 -0.19
17.49 -0.19
322.57 -0.19
331.40 -0.19
339.19 -0.19
44.29 -0.19
67.92 -0.19
17.25 -0.18
330.87 -0.18
359.80 -0.18
112.76 -0.17
16.63 -0.17
28.37 -0.17
288.70 -0.17
33.28 -0.17
40.07 -0.17
44.48 -0.17
10.73 -0.16
310.33 -0.16
351.98 -0.15
38.17 -0.15
40.69 -0.15
4.26 -0.15
25.79 -0.14
21.90 -0.13
291.56 -0.13
315.31 -0.13
327.24 -0.13
357.81 -0.13
289.24 -0.12
304.53 -0.12
337.30 -0.12
6.13 -0.12
106.57 -0.11
320.77 -0.11
336.29 -0.11
336.98 -0.11
279.00 -0.10
288.73 -0.10
333.85 -0.10
41.61 -0.10
15.88 -0.09
312.20 -0.09
341.56 -0.09
352.25 -0.07
6.84 -0.07
15.27 -0.06
359.76 -0.05
0.13 -0.04
16.82 -0.04
306.49 -0.04
318.54 -0.04
32.37 -0.04
326.02 -0.04
34.02 -0.04
345.29 -0.04
27.32 -0.03
308.73 -0.03
318.56 -0.03
0.15 -0.02
12.82 -0.02
286.28 -0.02
4.18 -0.02
27.39 -0.01
333.91 -0.01
351.83 -0.01
112.95 0.00
23.71 0.00
25.19 0.00
267.40 -0.00
350.93 -0.00
354.14 -0.00
340.35 0.01
20.59 0.02
23.34 0.02
33.52 0.02
49.06 0.02
69.01 0.02
323.90 0.03
330.20 0.03
38.74 0.03
20.49 0.04
29.34 0.04
31.34 0.04
334.58 0.04
33.67 0.04
346.48 0.04
5.03 0.04
11.91 0.05
292.51 0.05
5.28 0.05
23.39 0.06
28.48 0.06
36.01 0.06
51.86 0.06
295.12 0.07
32.41 0.07
329.45 0.07
40.94 0.07
0.87 0.08
11.09 0.08
16.02 0.08
280.23 0.08
325.26 0.08
336.30 0.08
276.45 0.09
323.14 0.09
32.76 0.09
354.13 0.09
316.79 0.10
321.10 0.10
339.12 0.10
350.33 0.10
357.36 0.10
28.09 0.11
29.56 0.11
39.65 0.11
52.93 0.11
75.22 0.11
0.97 0.12
29.57 0.12
304.69 0.12
344.74 0.12
313.32 0.13
319.39 0.13
325.22 0.13
358.35 0.13
312.60 0.14
334.69 0.14
335.14 0.15
356.74 0.15
357.68 0.15
41.60 0.15
44.79 0.15
71.08 0.15
8.40 0.15
263.44 0.16
272.24 0.16
28.35 0.17
31.15 0.17
31.80 0.17
323.68 0.17
332.21 0.17
26.30 0.18
335.49 0.18
349.49 0.18
15.55 0.19
305.85 0.19
8.14 0.19
298.92 0.20
307.07 0.20
311.84 0.20
32.08 0.20
45.62 0.20
26.51 0.21
302.23 0.21
330.88 0.21
348.10 0.21
39.50 0.21
24.15 0.22
349.85 0.22
114.28 0.23
279.45 0.23
313.54 0.23
315.78 0.23
42.56 0.23
27.59 0.24
29.73 0.24
349.93 0.24
358.29 0.24
13.82 0.25
25.96 0.26
315.40 0.26
43.16 0.26
6.70 0.26
154.43 0.27
54.10 0.27
6.59 0.27
27.82 0.28
321.39 0.28
12.06 0.29
19.80 0.29
292.83 0.29
23.27 0.30
308.37 0.31
337.79 0.31
9.45 0.31
9.53 0.31
11.47 0.32
19.25 0.32
27.15 0.32
130.59 0.33
282.73 0.34
358.09 0.34
39.81 0.34
57.94 0.34
323.00 0.35
33.25 0.35
43.17 0.36
24.29 0.37
348.68 0.37
357.30 0.37
26.00 0.38
342.28 0.38
352.44 0.38
358.80 0.38
65.24 0.38
12.90 0.39
15.59 0.39
16.03 0.39
16.80 0.39
18.22 0.39
315.58 0.39
318.27 0.39
109.86 0.40
318.09 0.40
333.89 0.41
339.49 0.41
21.32 0.42
287.46 0.43
12.82 0.44
28.42 0.44
65.84 0.44
201.22 0.45
32.27 0.45
47.58 0.45
335.77 0.46
338.50 0.46
53.85 0.46
106.56 0.48
17.16 0.48
341.62 0.48
45.92 0.48
42.97 0.49
136.27 0.50
34.15 0.50
4.27 0.51
290.25 0.52
349.60 0.52
115.08 0.53
313.18 0.53
32.64 0.53
36.17 0.53
13.11 0.54
338.34 0.54
23.21 0.55
25.09 0.55
339.73 0.55
7.83 0.55
323.29 0.56
336.40 0.56
299.82 0.57
307.33 0.57
342.76 0.57
287.42 0.58
29.08 0.58
300.15 0.58
120.18 0.59
2.50 0.59
293.78 0.59
309.81 0.59
323.64 0.59
338.19 0.59
348.20 0.59
103.47 0.60
341.36 0.60
62.32 0.60
16.41 0.61
8.38 0.61
48.26 0.62
4.95 0.62
342.64 0.63
335.53 0.64
55.57 0.64
27.41 0.65
287.63 0.65
317.72 0.66
328.03 0.67
351.69 0.67
312.13 0.68
325.64 0.68
41.19 0.68
3.85 0.69
136.90 0.70
27.07 0.71
176.80 0.72
346.34 0.72
358.38 0.72
28.02 0.73
287.07 0.73
43.02 0.73
19.81 0.74
327.78 0.74
37.13 0.75
2.05 0.76
25.17 0.76
325.19 0.76
338.48 0.76
39.69 0.76
30.08 0.77
304.56 0.77
43.02 0.77
65.92 0.77
28.97 0.78
3.41 0.78
336.50 0.79
8.45 0.79
10.64 0.80
21.29 0.80
148.19 0.81
7.47 0.81
265.46 0.82
36.21 0.82
15.84 0.83
17.50 0.83
347.71 0.83
35.99 0.83
21.72 0.84
306.86 0.85
346.55 0.85
41.50 0.86
49.10 0.87
42.84 0.88
69.26 0.88
292.50 0.89
349.76 0.89
39.25 0.90
26.51 0.91
342.46 0.92
19.57 0.93
259.61 0.93
309.41 0.93
7.38 0.93
283.04 0.94
53.81 0.94
19.77 0.95
315.05 0.95
6.50 0.95
25.64 0.96
34.02 0.96
51.71 0.96
53.72 0.96
76.89 0.96
341.11 0.97
7.03 0.97
325.37 0.98
40.74 0.98
44.83 0.99
39.81 1.00
267.24 1.01
356.31 1.01
30.28 1.02
303.30 1.02
340.55 1.02
132.58 1.03
80.22 1.03
189.19 1.04
34.03 1.04
4.93 1.04
332.28 1.05
37.31 1.05
359.21 1.06
40.57 1.06
42.53 1.06
24.81 1.07
8.31 1.07
28.60 1.09
30.54 1.09
337.53 1.10
289.94 1.11
347.78 1.12
27.17 1.13
311.24 1.13
332.59 1.14
26.30 1.16
278.26 1.16
286.57 1.16
35.80 1.16
335.14 1.17
12.60 1.19
329.01 1.19
38.44 1.19
4.29 1.19
328.14 1.20
48.27 1.20
30.10 1.22
309.34 1.22
25.62 1.23
345.49 1.23
6.84 1.24
336.35 1.25
343.61 1.25
4.14 1.26
31.71 1.27
313.71 1.29
330.69 1.29
315.26 1.30
327.47 1.30
347.39 1.30
357.32 1.30
21.45 1.32
25.51 1.32
327.27 1.32
10.33 1.34
294.98 1.34
303.47 1.35
356.23 1.35
31.30 1.36
49.89 1.36
60.17 1.36
341.60 1.37
47.42 1.38
335.87 1.39
323.23 1.40
346.20 1.40
54.16 1.41
230.39 1.42
10.73 1.43
33.16 1.44
338.73 1.47
23.65 1.48
325.46 1.48
339.25 1.48
320.19 1.51
42.74 1.54
144.37 1.55
57.36 1.55
3.96 1.56
0.64 1.58
327.07 1.58
46.20 1.59
47.88 1.59
0.91 1.60
306.31 1.60
19.10 1.62
330.69 1.63
107.14 1.64
38.23 1.64
6.30 1.66
213.37 1.69
3.84 1.69
3.84 1.69
3.84 1.69
3.84 1.69
3.84 1.69
3.84 1.69
3.84 1.69
3.84 1.69
3.84 1.69
3.84 1.69
3.84 1.69
3.84 1.69
3.84 1.69
3.84 1.69
3.84 1.69
3.84 1.69
3.84 1.69
3.84 1.69
3.84 1.69
3.84 1.69
3.84 1.69
3.84 1.69
3.84 1.69
3.84 1.69
3.84 1.69
3.84 1.69
3.84 1.69
3.84 1.69
3.84 1.69
3.84 1.69
3.84 1.69
3.84 1.69
3.84 1.69
3.84 1.70
305.71 1.73
339.77 1.73
306.31 1.74
27.04 1.75
292.04 1.75
135.30 1.76
359.14 1.76
32.01 1.77
10.30 1.78
23.18 1.80
339.18 1.80
46.56 1.80
320.18 1.81
47.52 1.81
292.75 1.83
346.16 1.83
355.25 1.83
45.29 1.83
295.72 1.84
30.19 1.84
9.37 1.84
320.67 1.85
330.99 1.85
19.29 1.86
231.97 1.86
27.68 1.86
251.36 1.87
340.02 1.87
43.43 1.87
32.62 1.88
309.04 1.89
9.63 1.90
325.72 1.94
161.55 1.95
288.34 1.95
37.65 1.96
4.83 1.97
51.89 1.97
10.45 1.98
338.73 1.98
257.08 1.99
338.34 2.00
343.29 2.00
113.42 2.01
325.01 2.01
352.12 2.02
15.27 2.03
347.41 2.04
359.45 2.04
36.72 2.05
38.35 2.06
19.14 2.07
331.37 2.07
324.26 2.08
33.28 2.08
340.19 2.08
78.23 2.09
349.58 2.10
344.42 2.11
85.43 2.11
195.79 2.12
299.75 2.12
49.97 2.12
21.53 2.16
335.04 2.18
13.32 2.21
355.14 2.23
14.47 2.24
10.14 2.26
21.83 2.26
336.62 2.26
148.66 2.27
148.66 2.27
27.66 2.27
60.84 2.27
24.78 2.28
340.18 2.30
287.84 2.31
314.90 2.31
309.91 2.32
55.02 2.33
20.29 2.34
39.61 2.34
325.33 2.35
9.54 2.35
337.35 2.37
46.10 2.37
11.57 2.38
15.31 2.39
59.48 2.39
188.79 2.40
358.86 2.40
30.55 2.41
333.62 2.42
36.37 2.42
8.48 2.42
311.07 2.43
325.78 2.43
17.24 2.44
332.15 2.44
281.20 2.45
40.84 2.45
50.55 2.47
327.92 2.48
75.93 2.48
354.56 2.53
0.94 2.54
66.86 2.55
253.97 2.56
278.11 2.60
291.89 2.60
315.22 2.61
54.17 2.62
20.93 2.63
2.21 2.63
3.33 2.64
53.87 2.67
323.38 2.68
54.42 2.68
56.98 2.73
30.67 2.75
124.08 2.77
292.46 2.78
356.97 2.80
358.12 2.82
68.77 2.82
13.02 2.83
327.91 2.83
334.57 2.83
347.76 2.83
48.18 2.83
116.70 2.85
265.07 2.86
82.34 2.89
249.98 2.91
341.02 2.91
346.05 2.91
322.49 2.92
55.28 2.93
33.12 2.94
4.46 2.94
106.65 2.95
295.91 2.97
285.19 3.00
29.99 3.01
11.38 3.03
112.70 3.04
327.09 3.04
204.27 3.05
42.29 3.06
130.72 3.08
160.36 3.08
14.25 3.09
350.47 3.12
123.19 3.13
335.84 3.14
322.60 3.18
315.38 3.19
338.27 3.22
306.78 3.26
345.88 3.27
204.23 3.28
353.21 3.30
124.65 3.33
38.06 3.33
7.59 3.33
34.56 3.34
312.67 3.35
351.08 3.41
9.25 3.41
5.47 3.42
33.70 3.44
30.57 3.45
55.78 3.50
32.13 3.51
289.28 3.53
307.50 3.56
328.57 3.58
357.63 3.58
82.75 3.59
41.07 3.61
109.04 3.62
107.15 3.64
38.70 3.65
274.20 3.67
348.68 3.67
338.07 3.68
45.79 3.68
328.93 3.72
30.81 3.73
51.24 3.74
164.46 3.75
308.52 3.75
2.33 3.78
357.64 3.80
7.72 3.80
7.73 3.80
7.73 3.80
7.73 3.80
7.73 3.80
333.40 3.81
7.73 3.81
18.71 3.83
35.43 3.85
315.29 3.87
22.21 3.88
329.96 3.90
296.53 3.92
295.13 3.96
350.72 3.97
29.16 3.99
330.59 3.99
334.76 3.99
298.06 4.01
357.48 4.01
311.43 4.02
347.15 4.02
358.94 4.05
305.13 4.06
1.43 4.09
21.87 4.09
64.50 4.11
14.55 4.16
345.82 4.19
338.12 4.20
42.89 4.22
291.21 4.25
29.76 4.25
348.01 4.25
356.50 4.25
195.13 4.27
3.73 4.28
11.53 4.29
330.49 4.30
37.92 4.31
340.60 4.33
338.33 4.34
315.00 4.35
31.25 4.36
89.06 4.38
83.36 4.39
17.14 4.42
294.51 4.42
40.15 4.44
24.78 4.52
303.20 4.53
2.68 4.55
55.78 4.55
18.83 4.60
315.72 4.61
338.89 4.62
318.10 4.63
358.09 4.69
306.43 4.70
257.19 4.71
13.35 4.72
25.46 4.73
292.11 4.74
312.97 4.74
343.00 4.74
330.65 4.75
51.85 4.75
58.95 4.75
316.43 4.80
30.46 4.82
328.16 4.84
6.43 4.91
147.12 4.93
187.31 4.93
295.45 4.95
26.39 4.98
54.09 4.99
299.10 5.02
70.70 5.05
37.80 5.07
147.98 5.12
282.35 5.13
328.70 5.18
47.64 5.18
23.10 5.23
28.59 5.23
51.50 5.25
28.08 5.26
301.88 5.26
76.61 5.29
40.69 5.34
26.84 5.37
44.87 5.37
6.82 5.38
351.79 5.39
275.74 5.42
351.06 5.49
181.62 5.50
287.42 5.53
323.08 5.53
329.43 5.54
20.06 5.59
21.25 5.67
64.51 5.67
23.90 5.73
335.14 5.74
20.63 5.75
4.03 5.75
344.26 5.76
347.08 5.77
30.00 5.86
290.08 5.87
338.93 5.88
292.31 5.89
338.52 5.92
340.61 5.93
44.51 5.93
293.33 5.99
3.14 6.02
84.71 6.02
60.07 6.03
276.04 6.12
188.82 6.22
124.46 6.28
40.08 6.28
312.20 6.34
44.99 6.34
315.79 6.36
334.54 6.37
352.52 6.38
297.14 6.42
44.07 6.45
17.60 6.50
27.50 6.54
263.16 6.58
285.98 6.65
14.61 6.70
322.13 6.72
0.39 6.75
19.24 6.75
299.31 6.75
19.22 6.76
19.23 6.76
19.23 6.76
20.79 6.77
108.64 6.85
325.23 6.85
10.77 6.89
0.44 6.99
57.93 7.04
144.02 7.05
357.33 7.07
56.14 7.11
21.99 7.22
234.46 7.22
46.69 7.29
90.37 7.31
353.57 7.32
353.57 7.32
353.57 7.32
353.58 7.32
353.58 7.32
353.58 7.32
104.25 7.41
268.36 7.41
290.80 7.41
54.36 7.43
333.61 7.45
306.01 7.46
31.24 7.50
256.85 7.52
300.62 7.53
86.86 7.54
152.62 7.55
175.04 7.55
6.42 7.56
14.02 7.66
320.14 7.72
281.52 7.73
349.59 7.75
325.87 7.84
1.42 7.85
352.24 7.88
340.77 7.89
330.01 7.91
335.27 7.95
26.61 8.03
357.86 8.03
44.05 8.07
36.01 8.12
18.32 8.15
45.56 8.15
6.89 8.15
12.70 8.20
344.28 8.20
340.00 8.21
201.11 8.26
87.86 8.38
22.42 8.40
342.32 8.42
40.64 8.61
26.96 8.63
307.30 8.64
94.20 8.64
305.99 8.70
42.41 8.74
206.67 8.78
340.63 8.79
34.99 8.86
16.17 8.98
248.81 8.98
297.46 9.01
175.45 9.09
318.94 9.15
131.16 9.18
14.79 9.18
327.40 9.22
91.05 9.25
23.60 9.26
331.16 9.26
12.79 9.30
331.45 9.32
45.01 9.48
256.16 9.49
292.38 9.49
4.91 9.56
308.98 9.65
35.98 9.68
112.22 9.69
30.71 9.69
312.95 9.71
4.86 9.74
28.48 9.84
16.37 9.90
267.80 9.90
314.14 9.91
296.55 9.92
316.50 10.06
354.97 10.27
46.67 10.33
119.66 10.46
312.23 10.55
25.75 10.68
284.01 10.74
294.32 10.75
50.44 10.85
175.88 10.96
84.58 11.01
54.73 11.24
43.02 11.25
16.96 11.30
295.80 11.42
322.50 11.43
328.85 11.46
347.42 11.51
7.37 11.54
84.79 11.55
28.61 11.56
39.87 11.57
288.30 11.61
30.41 11.71
327.59 11.73
61.76 11.80
333.18 11.82
301.76 11.97
268.70 12.03
34.71 12.10
280.85 12.25
300.58 12.25
16.93 12.32
357.32 12.45
327.34 12.46
341.22 12.53
357.86 12.55
235.89 12.59
312.06 12.59
332.11 12.67
41.23 12.83
8.86 12.84
259.70 13.00
3.19 13.03
309.12 13.07
333.15 13.11
337.02 13.27
17.27 13.28
35.15 13.28
39.20 13.31
21.65 13.40
3.23 13.56
132.09 13.61
5.77 13.66
138.91 13.67
289.20 13.84
7.42 14.01
23.84 14.02
333.05 14.02
261.28 14.07
353.05 14.08
70.95 14.20
45.26 14.30
37.31 14.56
355.83 14.71
311.42 14.87
283.51 14.89
299.60 15.03
347.39 15.06
358.22 15.17
15.87 15.32
21.56 15.45
53.34 15.61
307.78 15.77
11.49 15.78
336.55 15.84
21.90 15.93
350.98 15.96
45.54 16.40
344.09 16.45
299.38 16.57
43.87 16.64
342.70 16.76
2.81 16.88
105.19 17.05
2.86 17.23
321.48 17.39
310.77 17.40
7.51 17.59
145.65 17.64
27.72 17.74
284.45 18.07
23.03 18.29
357.63 18.33
309.87 18.41
5.60 18.58
347.13 18.77
30.26 18.86
20.13 18.94
29.59 19.21
34.87 19.25
351.01 19.45
351.96 19.79
#246.12 19.85
348.38 19.99
352.64 20.19
337.94 20.22
43.74 20.22
34.01 20.27
320.82 20.46
2.06 21.08
#202.73 21.09
0.58 21.19
5.67 21.22
#221.99 21.25
300.69 21.41
37.90 21.62
37.08 21.68
272.05 22.12
348.44 22.50
330.72 22.56
#213.63 22.95
49.10 23.07
354.07 23.18
283.74 23.59
86.08 23.82
56.26 24.03
67.41 24.03
47.25 24.05
355.61 24.11
5.91 24.64
88.88 25.00
50.27 25.03
273.49 25.13
28.75 25.22
151.55 25.24
312.71 25.33
14.11 26.06
#219.72 26.27
#262.13 26.38
52.35 26.66
#188.19 26.72
133.18 26.83
359.43 26.95
5.30 27.18
286.59 27.27
309.54 27.29
5.77 27.37
307.68 28.18
#219.40 28.22
#249.13 28.84
43.96 29.37
285.75 29.39
79.61 29.63
296.93 30.13
305.54 30.82
132.65 31.46
313.40 31.49
140.00 31.62
44.52 32.21
27.72 32.55
#258.26 32.61
358.31 33.57
265.59 33.59
121.89 33.67
135.32 33.70
321.49 34.89
3.97 34.97
10.72 35.47
1.99 35.79
#225.42 36.39
0.57 36.61
47.40 36.95
118.32 37.02
45.65 37.11
20.63 38.16
41.05 38.27
30.03 38.32
42.99 39.89
#251.70 40.52
151.43 40.73
59.00 40.91
59.01 40.91
59.01 40.91
59.01 40.91
59.01 40.91
355.15 41.00
#225.41 43.13
59.44 43.29
#228.91 43.70
35.52 43.74
327.05 45.26
17.81 45.78
#243.49 45.78
3.86 46.79
3.86 46.79
3.86 46.79
3.87 46.80
3.86 46.81
52.88 47.99
356.58 48.05
19.85 48.34
295.53 48.39
#247.15 48.47
34.63 49.13
310.72 50.10
160.35 50.86
#231.79 51.10
246.41 51.70
91.33 52.29
305.21 52.40
318.38 53.85
80.81 54.28
43.48 54.50
267.20 59.28
29.06 59.30
154.41 60.36
23.39 60.81
314.42 63.26
355.22 67.15
241.90 69.20
310.32 71.28
320.37 71.66
311.31 75.41
42.21 78.71
42.21 78.71
42.22 78.71
42.22 78.71
332.95 79.76
338.73 83.08
272.79 83.96
288.29 85.62
252.45 86.54
